2.59224 5.53767 3.99154 1.01234 0.00361484 0 0 0 0 0 0 0 0 0.0915897 3.07418 5.42597 5.62349 4.03843 3.55463 5.29175 5.21906 0.740328 0 0 0 0 0 0 0 0 0 0 0 0.270769 1.1822 0.0723337 0 0 0 0 0 0 0 0 0 0 0 0 0 0 0 0 0 0 0 0 0 0 0 0 0 0 0 0 0 0 0 0 0 0 0 0 0 0 0 0 0 0 0 0 0
5.53767 27.6456 28.6195 16.8481 3.98829 0.0345267 0 0 0 0 0 0 0.169763 8.96065 27.1496 33.1292 28.33 12.1184 10.8879 24.2739 30.6498 15.3641 0.749538 0 0 0 0 0 0 0 0 0 0.284103 4.23565 4.91136 0.189813 0 0 0 0 0 0 0 0 0 0 0 0 0 0 0 0 0 0 0 0 0 0 0 0 0 0 0 0 0 0 0 0 0 0 0 0 0 0 0 0 0 0 0 0 0
3.99154 28.6195 56.9661 49.4575 26.4348 5.77059 0.0460331 0 0 0 0 0.174537 10.9225 40.2745 61.5452 57.0141 31.7024 7.7872 6.85718 27.5108 47.3883 42.9202 15.392 0.749526 0 0 0 0 0 0 0 0.284103 4.24669 6.48979 1.85134 0.00189374 0 0 0 0 0 0 0 0 0 0 0 0 0 0 0 0 0 0 0 0 0 0 0 0 0 0 0 0 0 0 0 0 0 0 0 0 0 0 0 0 0 0 0 0 0
1.01234 16.8481 49.4575 77.3035 60.2525 29.1701 5.54572 0.027495 0 0 0.16172 10.6928 43.0841 75.5357 78.7315 50.0377 17.1379 1.1072 0.572786 13.1033 40.1207 56.1126 42.9481 15.392 0.749538 0 0 0 0 0 0.284103 4.24669 6.48979 1.8631 0.00638187 0 0 0 0 0 0 0 0 0 0 0 0 0 0 0 0 0 0 0 0 0 0 0 0 0 0 0 0 0 0 0 0 0 0 0 0 0 0 0 0 0 0 0 0 0 0
0.00361484 3.98829 26.4348 60.2525 83.3717 58.8186 24.806 3.3281 0.00153536 0.0928728 8.52658 38.8355 74.3403 87.0654 60.6603 24.3637 2.39873 0 0 0.748693 15.3509 42.9477 56.1345 42.904 15.1614 0.742163 0 0 0 0.284103 4.24669 6.48979 1.8631 0.00638187 0 0 0 0 0 0 0 0 0 0 0 0 0 0 0 0 0 0 0 0 0 0 0 0 0 0 0 0 0 0 0 0 0 0 0 0 0 0 0 0 0 0 0 0 0 0 0
0 0.0345267 5.77059 29.1701 58.8186 73.7782 45.425 13.9077 1.39118 4.2461 28.0869 61.0435 78.9532 61.6538 26.9963 3.01711 0 0 0 0 0.749526 15.392 42.9481 55.6556 37.7655 11.8973 0.308875 0 0.284103 4.24669 6.48979 1.8631 0.00638187 0 0 0 0 0 0 0 0 0 0 0 0 0 0 0 0 0 0 0 0 0 0 0 0 0 0 0 0 0 0 0 0 0 0 0 0 0 0 0 0 0 0 0 0 0 0 0 0
0 0 0.0460331 5.54572 24.806 45.425 50.7552 23.0357 6.55054 12.8174 39.0327 55.5232 50.4108 25.2509 3.0747 0 0 0 0 0 0 0.749548 15.392 42.2697 42.3341 23.5893 3.64874 0.233783 4.16912 6.48979 1.8631 0.00638187 0 0 0 0 0 0 0 0 0 0 0 0 0 0 0 0 0 0 0 0 0 0 0 0 0 0 0 0 0 0 0 0 0 0 0 0 0 0 0 0 0 0 0 0 0 0 0 0 0
0 0 0 0.027495 3.3281 13.9077 23.0357 20.7098 9.30508 14.0614 24.8334 25.1261 16.4083 2.50444 0 0 0 0 0 0 0 0 0.749526 14.7208 24.0472 18.4744 5.3204 1.28325 4.95875 1.8631 0.00638187 0 0 0 0 0 0 0 0 0 0 0 0 0 0 0 0 0 0 0 0 0 0 0 0 0 0 0 0 0 0 0 0 0 0 0 0 0 0 0 0 0 0 0 0 0 0 0 0 0 0
0 0 0 0 0.00153536 1.39118 6.55054 9.30508 11.7234 14.4267 14.7043 11.0163 2.26733 0 0 0 0 0 0 0 0 0 0 2.89935 13.6694 14.348 9.71369 6.42291 9.00926 2.05133 0 0 0 0 0 0 0 0 0 0 0 0 0 0.0755012 0.0165818 0 0 0 0 0 0 0 0 0 0 0 0 0 0 0 0 0 0 0 0 0 0 0 0 0 0 0 0 0 0 0 0 0 0 0 0
0 0 0 0 0.0928728 4.2461 12.8174 14.0614 14.4267 32.1197 37.234 26.1637 8.1902 0.093768 0 0 0 0 0 0 0 0 0.178799 12.7481 36.0175 38.3558 26.673 21.2489 28.9153 15.3711 0.749538 0 0 0 0 0 0 0 0 0 0 0 0.284103 3.79486 0.631348 0 0 0 0 0 0 0 0 0 0 0 0 0 0 0 0 0 0 0 0 0 0 0 0 0 0 0 0 0 0 0 0 0 0 0 0
0 0 0 0.16172 8.52658 28.0869 39.0327 24.8334 14.7043 37.234 78.2703 74.0617 45.293 11.3211 0.0943563 0 0 0 0 0 0 0.178803 13.1454 56.3499 83.61 69.1594 33.7003 26.9586 47.8605 42.9329 15.392 0.749548 0 0 0 0 0 0 0 0 0 0.284103 4.24669 6.46676 0.413899 0 0 0 0 0 0 0 0 0 0 0 0 0 0 0 0 0 0 0 0 0 0 0 0 0 0 0 0 0 0 0 0 0 0 0 0
0 0 0.174537 10.6928 38.8355 61.0435 55.5232 25.1261 11.0163 26.1637 74.0617 118.787 100.22 54.2423 11.8875 0.0943563 0 0 0 0 0.178803 13.1454 57.0303 105.585 105.143 63.3471 19.869 13.7177 41.6623 56.1341 42.9481 15.3921 0.74956 0 0 0 0 0 0 0 0.284103 4.24669 6.48979 1.8631 0.00194173 0 0 0 0 0 0 0 0 0 0 0 0 0 0 0 0 0 0 0 0 0 0 0 0 0 0 0 0 0 0 0 0 0 0 0 0
0 0.169763 10.9225 43.0841 74.3403 78.9532 50.4108 16.4083 2.26733 8.1902 45.293 100.22 144.033 111.47 55.9939 11.8508 0.0943563 0 0 0.178799 13.1454 57.0303 106.266 120.908 81.2546 31.8778 2.76382 0.749548 15.3921 42.9481 56.1346 42.9481 15.3921 0.749548 0 0 0 0 0 0.284103 4.24669 6.48979 1.8631 0.00638187 0 0 0 0 0 0 0 0 0 0 0 0 0 0 0 0 0 0 0 0 0 0 0 0 0 0 0 0 0 0 0 0 0 0 0 0 0
0.0915897 8.96065 40.2745 75.5357 87.0654 61.6538 25.2509 2.50444 0 0.093768 11.3211 54.2423 111.47 151.069 110.223 53.1056 10.9778 0.116212 0.178807 13.12 56.8559 106.264 121.342 85.3477 34.2969 3.48241 0 0 0.749548 15.3921 42.9481 56.1346 42.9481 15.3921 0.74956 0 0 0 0.284103 4.24669 6.48979 1.8631 0.00638187 0 0 0 0 0 0 0 0 0 0 0 0 0 0 0 0 0 0 0 0 0 0 0 0 0 0 0 0 0 0 0 0 0 0 0 0 0 0
3.07418 27.1496 61.5452 78.7315 60.6603 26.9963 3.0747 0 0 0 0.0943563 11.8875 55.9939 110.223 140.219 95.9155 42.0781 9.42671 11.3808 51.3086 101.048 121.315 85.3536 34.3155 3.48243 0 0 0 0 0.74956 15.3921 42.9481 56.1346 42.9481 15.3902 0.450299 0 0.284103 4.24669 6.48979 1.8631 0.00638187 0 0 0 0 0 0 0 0 0 0 0 0 0 0 0 0 0 0 0 0 0 0 0 0 0 0 0 0 0 0 0 0 0 0 0 0 0 0 0
5.42597 33.1292 57.0141 50.0377 24.3637 3.01711 0 0 0 0 0 0.0943563 11.8508 53.1056 95.9155 111.058 66.6564 29.1972 34.4392 77.7961 108.725 85.3257 34.3155 3.48242 0 0 0 0 0 0 0.749548 15.3921 42.9481 56.0115 39.7812 7.40061 0.284103 4.24669 6.48979 1.8631 0.00638187 0 0 0 0 0 0 0 0 0 0 0 0 0 0 0 0 0 0 0 0 0 0 0 0 0 0 0 0 0 0 0 0 0 0 0 0 0 0 0 0
5.62349 28.33 31.7024 17.1379 2.39873 0 0 0 0 0 0 0 0.0943563 10.9778 42.0781 66.6564 68.1319 40.1362 43.7464 69.7994 71.1061 34.2884 3.48243 0 0 0 0 0 0 0 0 0.74956 15.3921 42.3384 42.6534 15.006 3.72031 6.47645 1.8631 0.00638187 0 0 0 0 0 0 0 0 0 0 0 0 0 0 0 0 0 0 0 0 0 0 0 0 0 0 0 0 0 0 0 0 0 0 0 0 0 0 0 0 0
4.03843 12.1184 7.7872 1.1072 0 0 0 0 0 0 0 0 0 0.116212 9.42671 29.1972 40.1362 45.0732 48.8776 51.4724 37.1131 6.26912 0 0 0 0 0 0 0 0 0 0 3.24931 32.4626 45.0906 26.7775 16.2849 15.8469 2.06117 0 0 0 0 0 0 0 0 0 0 0 0 0 0.124229 0.0398957 0 0 0 0 0 0 0 0 0 0 0 0 0 0 0 0 0 0 0 0 0 0 0 0 0 0 0
3.55463 10.8879 6.85718 0.572786 0 0 0 0 0 0 0 0 0 0.178807 11.3808 34.4392 43.7464 48.8776 70.315 74.7872 51.3071 12.0534 0.0943563 0 0 0 0 0 0 0 0 0.178807 13.1454 56.0783 73.5458 47.9596 35.4371 39.4153 15.392 0.74955 0 0 0 0 0 0 0 0 0 0 0 0.284103 4.21966 0.849841 0 0 0 0 0 0 0 0 0 0 0 0 0 0 0 0 0 0 0 0 0 0 0 0 0 0 0
5.29175 24.2739 27.5108 13.1033 0.748693 0 0 0 0 0 0 0 0.178799 13.12 51.3086 77.7961 69.7994 51.4724 74.7872 129.173 116.383 60.2031 12.0538 0.0943563 0 0 0 0 0 0 0.178799 13.1454 57.0303 105.38 101.449 51.3616 37.3623 55.2393 42.9481 15.392 0.749538 0 0 0 0 0 0 0 0 0 0.284103 4.24669 6.48979 0.42205 0 0 0 0 0 0 0 0 0 0 0 0 0 0 0 0 0 0 0 0 0 0 0 0 0 0 0
5.21906 30.6498 47.3883 40.1207 15.3509 0.749526 0 0 0 0 0 0.178803 13.1454 56.8559 101.048 108.725 71.1061 37.1131 51.3071 116.383 171.562 129.24 60.2192 12.0538 0.0943563 0 0 0 0 0.178803 13.1454 57.0303 106.266 121.177 82.7846 26.5943 15.3798 42.9478 56.1345 42.9481 15.392 0.749526 0 0 0 0 0 0 0 0.284103 4.24669 6.48979 1.8631 0.00194173 0 0 0 0 0 0 0 0 0 0 0 0 0 0 0 0 0 0 0 0 0 0 0 0 0 0 0
0.740328 15.3641 42.9202 56.1126 42.9477 15.392 0.749548 0 0 0 0.178803 13.1454 57.0303 106.264 121.315 85.3257 34.2884 6.26912 12.0534 60.2031 129.24 180.195 129.268 60.2192 12.0538 0.0943563 0 0 0.178803 13.1454 57.0303 106.266 121.342 85.3535 34.3155 2.91359 0.74955 15.392 42.9481 56.1345 42.9481 15.392 0.749538 0 0 0 0 0 0.284103 4.24669 6.48979 1.8631 0.00638187 0 0 0 0 0 0 0 0 0 0 0 0 0 0 0 0 0 0 0 0 0 0 0 0 0 0 0 0
0 0.749538 15.392 42.9481 56.1345 42.9481 15.392 0.749526 0 0.178799 13.1454 57.0303 106.266 121.342 85.3536 34.3155 3.48243 0 0.0943563 12.0538 60.2192 129.268 180.197 129.268 60.2193 12.0538 0.118759 0.178799 13.1454 57.0303 106.266 121.342 85.3535 34.3155 3.48243 0 0 0.749538 15.392 42.9481 56.1345 42.9481 15.392 0.749535 0 0 0 0.284103 4.24669 6.48979 1.8631 0.00638187 0 0 0 0 0 0 0 0 0 0 0 0 0 0 0 0 0 0 0 0 0 0 0 0 0 0 0 0 0
0 0 0.749526 15.392 42.904 55.6556 42.2697 14.7208 2.89935 12.7481 56.3499 105.585 120.908 85.3477 34.3155 3.48242 0 0 0 0.0943563 12.0538 60.2192 129.268 180.066 128.608 59.8028 13.5499 13.1454 57.0303 106.267 121.342 85.3535 34.3155 3.48241 0 0 0 0 0.749526 15.392 42.9481 56.1346 42.9481 15.392 0.450294 0 0.284103 4.24669 6.48979 1.8631 0.00638187 0 0 0 0 0 0 0 0 0 0 0 0 0 0 0 0 0 0 0 0 0 0 0 0 0 0 0 0 0 0
0 0 0 0.749538 15.1614 37.7655 42.3341 24.0472 13.6694 36.0175 83.61 105.143 81.2546 34.2969 3.48243 0 0 0 0 0 0.0943563 12.0538 60.2193 128.608 164.066 108.55 51.2989 51.1403 101.93 121.332 85.3535 34.3155 3.48243 0 0 0 0 0 0 0.749548 15.392 42.9481 56.1345 42.8887 8.26289 0.284103 4.24669 6.48979 1.8631 0.00638187 0 0 0 0 0 0 0 0 0 0 0 0 0 0 0 0 0 0 0 0 0 0 0 0 0 0 0 0 0 0 0
0 0 0 0 0.742163 11.8973 23.5893 18.4744 14.348 38.3558 69.1594 63.3471 31.8778 3.48241 0 0 0 0 0 0 0 0.0943563 12.0538 59.8028 108.55 115.853 71.699 70.0241 103.622 85.3326 34.3155 3.4824 0 0 0 0 0 0 0 0 0.749526 15.392 42.9481 53.0803 20.4846 4.19904 6.48979 1.8631 0.00638187 0 0 0 0 0 0 0 0 0 0 0 0 0 0 0 0 0 0 0 0 0 0 0 0 0 0 0 0 0 0 0 0
0 0 0 0 0 0.308875 3.64874 5.3204 9.71369 26.673 33.7003 19.869 2.76382 0 0 0 0 0 0 0 0 0 0.118759 13.5499 51.2989 71.699 77.5818 79.0673 84.282 47.5689 6.27349 0 0 0 0 0 0 0 0 0 0 3.24931 33.3814 60.1966 36.9322 20.6583 16.8873 2.06115 0 0 0 0 0 0 0 0 0 0 0 0 0 0.1261 0.0414066 0 0 0 0 0 0 0 0 0 0 0 0 0 0 0 0 0 0
0 0 0 0 0 0 0.233783 1.28325 6.42291 21.2489 26.9586 13.7177 0.749548 0 0 0 0 0 0 0 0 0 0.178799 13.1454 51.1403 70.0241 79.0673 101.001 104.928 60.1983 12.0538 0.0943563 0 0 0 0 0 0 0 0 0.178799 13.1454 57.0303 89.9765 59.4796 41.1766 41.1599 15.392 0.749528 0 0 0 0 0 0 0 0 0 0 0 0.284103 4.23413 0.861727 0 0 0 0 0 0 0 0 0 0 0 0 0 0 0 0 0 0
0 0 0 0 0 0.284103 4.16912 4.95875 9.00926 28.9153 47.8605 41.6623 15.3921 0.749548 0 0 0 0 0 0 0 0.178803 13.1454 57.0303 101.93 103.622 84.282 104.928 164.82 129.247 60.2193 12.0538 0.0943563 0 0 0 0 0 0 0.178803 13.1454 57.0303 106.266 115.51 60.4396 40.789 55.9773 42.948 15.392 0.749528 0 0 0 0 0 0 0 0 0 0.284103 4.24669 6.48979 0.42205 0 0 0 0 0 0 0 0 0 0 0 0 0 0 0 0 0 0
0 0 0 0 0.284103 4.24669 6.48979 1.8631 2.05133 15.3711 42.9329 56.1341 42.9481 15.3921 0.74956 0 0 0 0 0 0.178803 13.1454 57.0303 106.267 121.332 85.3326 47.5689 60.1983 129.247 180.196 129.268 60.2193 12.0538 0.0943563 0 0 0 0 0.178803 13.1454 57.0303 106.266 121.342 85.3526 27.4975 15.392 42.948 56.1345 42.948 15.392 0.749541 0 0 0 0 0 0 0 0.284103 4.24669 6.48979 1.8631 0.00194173 0 0 0 0 0 0 0 0 0 0 0 0 0 0 0 0 0 0
0 0 0 0.284103 4.24669 6.48979 1.8631 0.00638187 0 0.749538 15.392 42.9481 56.1346 42.9481 15.3921 0.749548 0 0 0 0.178799 13.1454 57.0303 106.266 121.342 85.3535 34.3155 6.27349 12.0538 60.2193 129.268 180.197 129.268 60.2193 12.0538 0.0943563 0 0 0.178799 13.1454 57.0303 106.266 121.342 85.3535 34.3155 2.91359 0.749528 15.392 42.948 56.1345 42.948 15.392 0.749528 0 0 0 0 0 0.284103 4.24669 6.48979 1.8631 0.00638187 0 0 0 0 0 0 0 0 0 0 0 0 0 0 0 0 0 0 0
0 0 0.284103 4.24669 6.48979 1.8631 0.00638187 0 0 0 0.749548 15.3921 42.9481 56.1346 42.9481 15.3921 0.74956 0 0.178807 13.1454 57.0303 106.266 121.342 85.3535 34.3155 3.4824 0 0.0943563 12.0538 60.2193 129.268 180.197 129.268 60.2193 12.0538 0.118759 0.178807 13.1454 57.0303 106.266 121.342 85.3535 34.3155 3.4824 0 0 0.749528 15.392 42.948 56.1345 42.948 15.392 0.749528 0 0 0 0.284103 4.24669 6.48979 1.8631 0.00638187 0 0 0 0 0 0 0 0 0 0 0 0 0 0 0 0 0 0 0 0
0 0.284103 4.24669 6.48979 1.8631 0.00638187 0 0 0 0 0 0.74956 15.3921 42.9481 56.1346 42.9481 15.3921 3.24931 13.1454 57.0303 106.266 121.342 85.3535 34.3155 3.48243 0 0 0 0.0943563 12.0538 60.2193 129.268 180.197 129.268 60.2193 13.5931 13.1454 57.0303 106.266 121.342 85.3535 34.3155 3.48243 0 0 0 0 0.749541 15.392 42.948 56.1345 42.948 15.392 0.450294 0 0.284103 4.24669 6.48979 1.8631 0.00638187 0 0 0 0 0 0 0 0 0 0 0 0 0 0 0 0 0 0 0 0 0
0.270769 4.23565 6.48979 1.8631 0.00638187 0 0 0 0 0 0 0 0.749548 15.3921 42.9481 56.0115 42.3384 32.4626 56.0783 105.38 121.177 85.3535 34.3155 3.48241 0 0 0 0 0 0.0943563 12.0538 60.2193 129.268 180.043 128.316 61.5574 56.6667 106.183 121.342 85.3535 34.3155 3.48241 0 0 0 0 0 0 0.749528 15.392 42.948 56.1345 42.9481 8.28991 0.284103 4.24669 6.48979 1.8631 0.00638187 0 0 0 0 0 0 0 0 0 0 0 0 0 0 0 0 0 0 0 0 0 0
1.1822 4.91136 1.85134 0.00638187 0 0 0 0 0 0 0 0 0 0.74956 15.3902 39.7812 42.6534 45.0906 73.5458 101.449 82.7846 34.3155 3.48243 0 0 0 0 0 0 0 0.0943563 12.0538 60.2193 128.316 153.022 96.1685 87.0387 116.373 85.3536 34.3155 3.48243 0 0 0 0 0 0 0 0 0.749528 15.392 42.9481 55.1708 22.161 4.23413 6.48979 1.8631 0.00638187 0 0 0 0 0 0 0 0 0 0 0 0 0 0 0 0 0 0 0 0 0 0 0
0.0723337 0.189813 0.00189374 0 0 0 0 0 0 0 0 0 0 0 0.450299 7.40061 15.006 26.7775 47.9596 51.3616 26.5943 2.91359 0 0 0 0 0 0 0 0 0 0.118759 13.5931 61.5574 96.1685 99.4699 96.9872 97.9868 47.5898 6.27349 0 0 0 0 0 0 0 0 0 0 3.24929 33.3813 63.1907 39.567 20.833 16.6988 2.06115 0 0 0 0 0 0 0 0 0 0 0 0 0 0.118526 0.0361997 0 0 0 0 0 0 0 0 0
0 0 0 0 0 0 0 0 0 0 0 0 0 0 0 0.284103 3.72031 16.2849 35.4371 37.3623 15.3798 0.74955 0 0 0 0 0 0 0 0 0 0.178807 13.1454 56.6667 87.0387 96.9872 118.028 118.335 60.2193 12.0538 0.0943563 0 0 0 0 0 0 0 0 0.178799 13.1453 57.0302 92.2112 61.3019 40.5376 40.4291 15.392 0.749538 0 0 0 0 0 0 0 0 0 0 0 0.284103 4.1618 0.809435 0 0 0 0 0 0 0 0 0
0 0 0 0 0 0 0 0 0 0 0 0 0 0 0.284103 4.24669 6.47645 15.8469 39.4153 55.2393 42.9478 15.392 0.749538 0 0 0 0 0 0 0 0.178799 13.1454 57.0303 106.183 116.373 97.9868 118.335 175.652 129.268 60.2193 12.0538 0.0943563 0 0 0 0 0 0 0.178799 13.1453 57.0302 106.266 118.062 62.6656 41.0478 55.9341 42.9481 15.392 0.749538 0 0 0 0 0 0 0 0 0 0.284103 4.24669 6.48979 0.42205 0 0 0 0 0 0 0 0 0
0 0 0 0 0 0 0 0 0 0 0 0 0 0.284103 4.24669 6.48979 1.8631 2.06117 15.392 42.9481 56.1345 42.9481 15.392 0.749526 0 0 0 0 0 0.178803 13.1454 57.0303 106.266 121.342 85.3536 47.5898 60.2193 129.268 180.197 129.268 60.2192 12.0538 0.0943563 0 0 0 0 0.178803 13.1453 57.0302 106.266 121.342 85.3535 27.4979 15.392 42.9481 56.1345 42.9481 15.392 0.749538 0 0 0 0 0 0 0 0.284103 4.24669 6.48979 1.8631 0.00194173 0 0 0 0 0 0 0 0 0
0 0 0 0 0 0 0 0 0 0 0 0 0.284103 4.24669 6.48979 1.8631 0.00638187 0 0.74955 15.392 42.9481 56.1345 42.9481 15.392 0.749548 0 0 0 0.178803 13.1454 57.0303 106.266 121.342 85.3535 34.3155 6.27349 12.0538 60.2193 129.268 180.197 129.268 60.2192 12.0538 0.0943563 0 0 0.178803 13.1454 57.0302 106.266 121.342 85.3535 34.3155 2.91359 0.74955 15.392 42.9481 56.1345 42.9481 15.392 0.749538 0 0 0 0 0 0.284103 4.24669 6.48979 1.8631 0.00638187 0 0 0 0 0 0 0 0 0 0
0 0 0 0 0 0 0 0 0 0 0 0.284103 4.24669 6.48979 1.8631 0.00638187 0 0 0 0.749538 15.392 42.9481 56.1345 42.9481 15.392 0.749526 0 0.178799 13.1454 57.0303 106.266 121.342 85.3535 34.3155 3.48243 0 0.0943563 12.0538 60.2192 129.268 180.197 129.268 60.2193 12.0538 0.118759 0.178799 13.1454 57.0303 106.266 121.342 85.3535 34.3155 3.48241 0 0 0.74955 15.392 42.9481 56.1345 42.9481 15.392 0.749548 0 0 0 0.284103 4.24669 6.48979 1.8631 0.00638187 0 0 0 0 0 0 0 0 0 0 0
0 0 0 0 0 0 0 0 0 0 0.284103 4.24669 6.48979 1.8631 0.00638187 0 0 0 0 0 0.749526 15.392 42.9481 56.1346 42.9481 15.392 3.24931 13.1454 57.0303 106.266 121.342 85.3535 34.3155 3.48241 0 0 0 0.0943563 12.0538 60.2192 129.268 180.197 129.268 60.2192 13.5931 13.1453 57.0302 106.266 121.342 85.3535 34.3155 3.48241 0 0 0 0 0.749538 15.392 42.9481 56.1346 42.9481 15.392 0.450294 0 0.284103 4.24669 6.48979 1.8631 0.00638187 0 0 0 0 0 0 0 0 0 0 0 0
0 0 0 0 0 0 0 0 0 0.284103 4.24669 6.48979 1.8631 0.00638187 0 0 0 0 0 0 0 0.749538 15.392 42.9481 56.1345 42.9481 33.3814 57.0303 106.266 121.342 85.3535 34.3155 3.48243 0 0 0 0 0 0.0943563 12.0538 60.2193 129.268 180.197 129.268 62.3046 57.0302 106.266 121.342 85.3535 34.3155 3.48243 0 0 0 0 0 0 0.74956 15.3921 42.9481 56.1345 42.9481 8.2899 0.284103 4.24669 6.48979 1.8631 0.00638187 0 0 0 0 0 0 0 0 0 0 0 0 0
0 0 0 0 0 0 0 0 0.0755012 3.79486 6.46676 1.8631 0.00638187 0 0 0 0 0 0 0 0 0 0.749535 15.392 42.8887 53.0803 60.1966 89.9765 115.51 85.3526 34.3155 3.4824 0 0 0 0 0 0 0 0.0943563 12.0538 60.2192 129.268 168.225 107.042 92.5418 117.969 85.3535 34.3155 3.48239 0 0 0 0 0 0 0 0 0.749538 15.392 42.9481 54.9775 21.9251 4.18762 6.48979 1.8631 0.00638187 0 0 0 0 0 0 0 0 0 0 0 0 0 0
0 0 0 0 0 0 0 0 0.0165818 0.631348 0.413899 0.00194173 0 0 0 0 0 0 0 0 0 0 0 0.450294 8.26289 20.4846 36.9322 59.4796 60.4396 27.4975 2.91359 0 0 0 0 0 0 0 0 0 0.118759 13.5931 62.3046 107.042 105.819 98.36 97.373 47.5898 6.27348 0 0 0 0 0 0 0 0 0 0 3.24933 33.0843 58.8953 35.1203 17.0049 15.0092 2.05675 0 0 0 0 0 0 0 0 0 0 0 0 0 0.0589254 0.0142125
0 0 0 0 0 0 0 0 0 0 0 0 0 0 0 0 0 0 0 0 0 0 0 0 0.284103 4.19904 20.6583 41.1766 40.789 15.392 0.749528 0 0 0 0 0 0 0 0 0 0.178799 13.1453 57.0302 92.5418 98.36 115.211 116.645 60.2192 12.0538 0.0943563 0 0 0 0 0 0 0 0 0.178807 13.1454 56.0868 83.7483 52.6808 32.5362 35.4253 15.2961 0.749541 0 0 0 0 0 0 0 0 0 0 0 0.284103 3.33935 0.576649
0 0 0 0 0 0 0 0 0 0 0 0 0 0 0 0 0 0 0 0 0 0 0 0.284103 4.24669 6.48979 16.8873 41.1599 55.9773 42.948 15.392 0.749528 0 0 0 0 0 0 0 0.178803 13.1454 57.0302 106.266 117.969 97.373 116.645 174.59 129.268 60.2193 12.0538 0.0943563 0 0 0 0 0 0 0.178807 13.1454 57.0303 105.961 114.686 59.1677 37.9873 54.4729 42.9367 15.392 0.749528 0 0 0 0 0 0 0 0 0 0.284103 4.24669 6.42144 0.496909
0 0 0 0 0 0 0 0 0 0 0 0 0 0 0 0 0 0 0 0 0 0 0.284103 4.24669 6.48979 1.8631 2.06115 15.392 42.948 56.1345 42.948 15.392 0.749541 0 0 0 0 0 0.178803 13.1454 57.0303 106.266 121.342 85.3535 47.5898 60.2192 129.268 180.197 129.268 60.2193 12.0538 0.0943563 0 0 0 0 0.178807 13.1454 57.0303 106.267 121.342 85.3535 27.4978 15.392 42.948 56.1345 42.948 15.392 0.749541 0 0 0 0 0 0 0 0.284103 4.24669 6.48979 1.8631 0.00242422
0 0 0 0 0 0 0 0 0 0 0 0 0 0 0 0 0 0 0 0 0 0.284103 4.24669 6.48979 1.8631 0.00638187 0 0.749528 15.392 42.948 56.1345 42.948 15.392 0.749528 0 0 0 0.178799 13.1453 57.0302 106.266 121.342 85.3535 34.3155 6.27348 12.0538 60.2193 129.268 180.197 129.268 60.2193 12.0538 0.0943563 0 0 0.178807 13.1454 57.0303 106.267 121.342 85.3535 34.3155 2.91359 0.749528 15.392 42.9481 56.1345 42.948 15.392 0.749541 0 0 0 0 0 0.284103 4.24669 6.48979 1.8631 0.00638187 0
0 0 0 0 0 0 0 0 0 0 0 0 0 0 0 0 0 0 0 0 0.284103 4.24669 6.48979 1.8631 0.00638187 0 0 0 0.749528 15.392 42.948 56.1345 42.948 15.392 0.749528 0 0.178799 13.1453 57.0302 106.266 121.342 85.3535 34.3155 3.48239 0 0.0943563 12.0538 60.2193 129.268 180.197 129.268 60.2193 12.0538 0.118759 0.178807 13.1454 57.0303 106.267 121.342 85.3535 34.3155 3.48243 0 0 0.749541 15.392 42.948 56.1345 42.9481 15.392 0.749528 0 0 0 0.284103 4.24669 6.48979 1.8631 0.00638187 0 0
0 0 0 0 0 0 0 0 0 0 0 0 0 0 0 0 0 0 0 0.284103 4.24669 6.48979 1.8631 0.00638187 0 0 0 0 0 0.749541 15.392 42.948 56.1345 42.948 15.392 3.24929 13.1453 57.0302 106.266 121.342 85.3535 34.3155 3.48243 0 0 0 0.0943563 12.0538 60.2193 129.268 180.197 129.268 60.2192 13.5931 13.1454 57.0303 106.267 121.342 85.3535 34.3155 3.48243 0 0 0 0 0.749541 15.392 42.948 56.1345 42.948 15.392 0.450301 0 0.284103 4.24669 6.48979 1.8631 0.00638187 0 0 0
0 0 0 0 0 0 0 0 0 0 0 0 0 0 0 0 0 0 0.284103 4.24669 6.48979 1.8631 0.00638187 0 0 0 0 0 0 0 0.749528 15.392 42.948 56.1345 42.9481 33.3813 57.0302 106.266 121.342 85.3535 34.3155 3.48241 0 0 0 0 0 0.0943563 12.0538 60.2193 129.268 180.197 129.268 62.3047 57.0303 106.267 121.342 85.3535 34.3155 3.48243 0 0 0 0 0 0 0.749528 15.392 42.948 56.1345 42.9481 8.28992 0.284103 4.24669 6.48979 1.8631 0.00638187 0 0 0 0
0 0 0 0 0 0 0 0 0 0 0 0 0 0 0 0 0 0.124229 4.21966 6.48979 1.8631 0.00638187 0 0 0 0 0 0 0 0 0 0.749528 15.392 42.9481 55.1708 63.1907 92.2112 118.062 85.3535 34.3155 3.48241 0 0 0 0 0 0 0 0.0943563 12.0538 60.2192 129.268 166.658 104 87.8623 113.74 85.311 34.3155 3.48243 0 0 0 0 0 0 0 0 0.749528 15.392 42.7522 51.7853 19.0124 3.47251 6.4046 1.8631 0.00638187 0 0 0 0 0
0 0 0 0 0 0 0 0 0 0 0 0 0 0 0 0 0 0.0398957 0.849841 0.42205 0.00194173 0 0 0 0 0 0 0 0 0 0 0 0.450294 8.28991 22.161 39.567 61.3019 62.6656 27.4979 2.91359 0 0 0 0 0 0 0 0 0 0.118759 13.5931 62.3047 104 95.7043 84.8948 85.2631 47.3011 6.27349 0 0 0 0 0 0 0 0 0 0 3.24929 29.9618 47.1282 23.7816 8.87172 10.2455 1.73694 0 0 0 0 0 0
0 0 0 0 0 0 0 0 0 0 0 0 0 0 0 0 0 0 0 0 0 0 0 0 0 0 0 0 0 0 0 0 0 0.284103 4.23413 20.833 40.5376 41.0478 15.392 0.74955 0 0 0 0 0 0 0 0 0 0.178807 13.1454 57.0303 87.8623 84.8948 95.0675 99.0862 59.7851 12.0538 0.0943563 0 0 0 0 0 0 0 0 0.178799 13.1279 48.2549 64.6829 34.0755 17.1285 23.6192 12.6111 0.749522 0 0 0 0 0
0 0 0 0 0 0 0 0 0 0 0 0 0 0 0 0 0 0 0 0 0 0 0 0 0 0 0 0 0 0 0 0 0.284103 4.24669 6.48979 16.6988 40.4291 55.9341 42.9481 15.392 0.74955 0 0 0 0 0 0 0 0.178807 13.1454 57.0303 106.267 113.74 85.2631 99.0862 158.639 128.826 60.2193 12.0538 0.0943563 0 0 0 0 0 0 0.178799 13.1453 56.963 98.3883 97.6457 42.431 24.0998 43.8118 39.9854 15.3884 0.749538 0 0 0 0
0 0 0 0 0 0 0 0 0 0 0 0 0 0 0 0 0 0 0 0 0 0 0 0 0 0 0 0 0 0 0 0.284103 4.24669 6.48979 1.8631 2.06115 15.392 42.9481 56.1345 42.9481 15.392 0.749538 0 0 0 0 0 0.178807 13.1454 57.0303 106.267 121.342 85.311 47.3011 59.7851 128.826 180.142 129.268 60.2193 12.0538 0.0943563 0 0 0 0 0.178803 13.1453 57.0302 106.266 121.062 84.912 27.0581 14.9693 42.6018 56.0558 42.9481 15.392 0.749538 0 0 0
0 0 0 0 0 0 0 0 0 0 0 0 0 0 0 0 0 0 0 0 0 0 0 0 0 0 0 0 0 0 0.284103 4.24669 6.48979 1.8631 0.00638187 0 0.749538 15.392 42.9481 56.1345 42.9481 15.392 0.74956 0 0 0 0.178807 13.1454 57.0303 106.267 121.342 85.3535 34.3155 6.27349 12.0538 60.2193 129.268 180.197 129.268 60.2193 12.0538 0.0943563 0 0 0.178803 13.1454 57.0302 106.266 121.342 85.3535 34.3155 2.91359 0.74955 15.392 42.9481 56.1345 42.9481 15.392 0.749538 0 0
0 0 0 0 0 0 0 0 0 0 0 0 0 0 0 0 0 0 0 0 0 0 0 0 0 0 0 0 0 0.284103 4.24669 6.48979 1.8631 0.00638187 0 0 0 0.749538 15.392 42.9481 56.1345 42.9481 15.3921 0.749538 0 0.178807 13.1454 57.0303 106.267 121.342 85.3535 34.3155 3.48243 0 0.0943563 12.0538 60.2193 129.268 180.197 129.268 60.2193 12.0538 0.118759 0.178799 13.1454 57.0303 106.266 121.342 85.3535 34.3155 3.48241 0 0 0.74955 15.392 42.9481 56.1345 42.9481 15.392 0.749548 0
0 0 0 0 0 0 0 0 0 0 0 0 0 0 0 0 0 0 0 0 0 0 0 0 0 0 0 0 0.284103 4.24669 6.48979 1.8631 0.00638187 0 0 0 0 0 0.749538 15.392 42.9481 56.1346 42.9481 15.392 3.24933 13.1454 57.0303 106.267 121.342 85.3535 34.3155 3.48243 0 0 0 0.0943563 12.0538 60.2193 129.268 180.197 129.268 60.2193 13.5931 13.1453 57.0302 106.266 121.342 85.3535 34.3155 3.48241 0 0 0 0 0.749538 15.392 42.9481 56.1346 42.9481 15.392 0.515004
0 0 0 0 0 0 0 0 0 0 0 0 0 0 0 0 0 0 0 0 0 0 0 0 0 0 0 0.284103 4.24669 6.48979 1.8631 0.00638187 0 0 0 0 0 0 0 0.749538 15.392 42.9481 56.1345 42.9481 33.0843 56.0868 105.961 121.342 85.3535 34.3155 3.48243 0 0 0 0 0 0.0943563 12.0538 60.2193 129.268 179.464 126.458 59.4944 54.2193 103.602 120.46 85.3535 34.3155 3.48243 0 0 0 0 0 0 0.74956 15.3921 42.9384 55.3835 40.9521 8.26397
0 0 0 0 0 0 0 0 0 0 0 0 0 0 0 0 0 0 0 0 0 0 0 0 0 0 0.1261 4.23413 6.48979 1.8631 0.00638187 0 0 0 0 0 0 0 0 0 0.749548 15.392 42.9481 54.9775 58.8953 83.7483 114.686 85.3535 34.3155 3.48243 0 0 0 0 0 0 0 0.0943563 12.0538 60.2193 126.458 145.318 81.6739 66.0302 94.9116 79.9922 34.3154 3.48239 0 0 0 0 0 0 0 0 0.749538 15.2857 37.0782 37.7281 10.4483
0 0 0 0 0 0 0 0 0 0 0 0 0 0 0 0 0 0 0 0 0 0 0 0 0 0 0.0414066 0.861727 0.42205 0.00194173 0 0 0 0 0 0 0 0 0 0 0 0.450294 8.2899 21.9251 35.1203 52.6808 59.1677 27.4978 2.91359 0 0 0 0 0 0 0 0 0 0.118759 13.5931 59.4944 81.6739 69.0529 57.7881 60.5345 39.1465 6.27231 0 0 0 0 0 0 0 0 0 0 2.8421 19.5097 27.6728 9.63595
0 0 0 0 0 0 0 0 0 0 0 0 0 0 0 0 0 0 0 0 0 0 0 0 0 0 0 0 0 0 0 0 0 0 0 0 0 0 0 0 0 0 0.284103 4.18762 17.0049 32.5362 37.9873 15.392 0.749528 0 0 0 0 0 0 0 0 0 0.178799 13.1453 54.2193 66.0302 57.7881 61.7458 65.5526 45.9187 11.9094 0.0943563 0 0 0 0 0 0 0 0 0.1787 9.96025 29.1574 36.8232 12.5099
0 0 0 0 0 0 0 0 0 0 0 0 0 0 0 0 0 0 0 0 0 0 0 0 0 0 0 0 0 0 0 0 0 0 0 0 0 0 0 0 0 0.284103 4.24669 6.48979 15.0092 35.4253 54.4729 42.948 15.392 0.749541 0 0 0 0 0 0 0 0.178803 13.1454 57.0302 103.602 94.9116 60.5345 65.5526 117.295 107.515 59.2934 12.0538 0.0943563 0 0 0 0 0 0 0.178807 12.8387 46.783 68.9135 58.7455 13.9823
0 0 0 0 0 0 0 0 0 0 0 0 0 0 0 0 0 0 0 0 0 0 0 0 0 0 0 0 0 0 0 0 0 0 0 0 0 0 0 0 0.284103 4.24669 6.48979 1.8631 2.05675 15.2961 42.9367 56.1345 42.9481 15.392 0.749541 0 0 0 0 0 0.178803 13.1454 57.0303 106.266 120.46 79.9922 39.1465 45.9187 107.515 161.333 127.351 60.2193 12.0538 0.0943563 0 0 0 0 0.178807 13.1451 55.2911 93.7655 97.9372 60.3627 12.5921
0 0 0 0 0 0 0 0 0 0 0 0 0 0 0 0 0 0 0 0 0 0 0 0 0 0 0 0 0 0 0 0 0 0 0 0 0 0 0 0.284103 4.24669 6.48979 1.8631 0.00638187 0 0.749541 15.392 42.948 56.1345 42.948 15.392 0.749528 0 0 0 0.178799 13.1453 57.0302 106.266 121.342 85.3535 34.3154 6.27231 11.9094 59.2934 127.351 179.328 129.268 60.2193 12.0538 0.0943563 0 0 0.178807 13.1454 57.022 105.318 119.106 83.0404 32.6604 2.85577
0 0 0 0 0 0 0 0 0 0 0 0 0 0 0 0 0 0 0 0 0 0 0 0 0 0 0 0 0 0 0 0 0 0 0 0 0 0 0.284103 4.24669 6.48979 1.8631 0.00638187 0 0 0 0.749528 15.392 42.948 56.1345 42.948 15.392 0.749528 0 0.178799 13.1453 57.0302 106.266 121.342 85.3535 34.3155 3.48239 0 0.0943563 12.0538 60.2193 129.268 180.197 129.268 60.2193 12.0538 0.118759 0.178807 13.1454 57.0303 106.267 121.342 85.3535 34.3155 3.48243 0
0 0 0 0 0 0 0 0 0 0 0 0 0 0 0 0 0 0 0 0 0 0 0 0 0 0 0 0 0 0 0 0 0 0 0 0 0 0.284103 4.24669 6.48979 1.8631 0.00638187 0 0 0 0 0 0.749541 15.392 42.9481 56.1345 42.948 15.392 3.24929 13.1279 56.963 106.266 121.342 85.3535 34.3155 3.48243 0 0 0 0.0943563 12.0538 60.2193 129.268 177.891 125.265 58.0519 12.5724 11.3275 52.6622 101.414 117.529 84.5813 34.3155 3.48243 0 0
0 0 0 0 0 0 0 0 0 0 0 0 0 0 0 0 0 0 0 0 0 0 0 0 0 0 0 0 0 0 0 0 0 0 0 0 0.284103 4.24669 6.48979 1.8631 0.00638187 0 0 0 0 0 0 0 0.749541 15.392 42.948 56.1345 42.7522 29.9618 48.2549 98.3883 121.062 85.3535 34.3155 3.48241 0 0 0 0 0 0.0943563 12.0538 60.2193 125.265 153.725 99.9083 37.1918 28.1487 72.6559 95.6694 76.1357 33.8143 3.48243 0 0 0
0 0 0 0 0 0 0 0 0 0 0 0 0 0 0 0 0 0 0 0 0 0 0 0 0 0 0 0 0 0 0 0 0 0 0 0.118526 4.1618 6.48979 1.8631 0.00638187 0 0 0 0 0 0 0 0 0 0.749528 15.392 42.9481 51.7853 47.1282 64.6829 97.6457 84.912 34.3155 3.48241 0 0 0 0 0 0 0 0.0943563 12.0538 58.0519 99.9083 105.436 45.3544 29.6612 60.1067 56.5971 29.5028 3.46999 0 0 0 0
0 0 0 0 0 0 0 0 0 0 0 0 0 0 0 0 0 0 0 0 0 0 0 0 0 0 0 0 0 0 0 0 0 0 0 0.0361997 0.809435 0.42205 0.00194173 0 0 0 0 0 0 0 0 0 0 0 0.450301 8.28992 19.0124 23.7816 34.0755 42.431 27.0581 2.91359 0 0 0 0 0 0 0 0 0 0.118759 12.5724 37.1918 45.3544 33.5556 24.0492 30.7968 20.29 4.30461 0 0 0 0 0
0 0 0 0 0 0 0 0 0 0 0 0 0 0 0 0 0 0 0 0 0 0 0 0 0 0 0 0 0 0 0 0 0 0 0 0 0 0 0 0 0 0 0 0 0 0 0 0 0 0 0 0.284103 3.47251 8.87172 17.1285 24.0998 14.9693 0.74955 0 0 0 0 0 0 0 0 0 0.178807 11.3275 28.1487 29.6612 24.0492 23.6907 28.9647 20.1304 6.32212 0.0849327 0 0 0 0
0 0 0 0 0 0 0 0 0 0 0 0 0 0 0 0 0 0 0 0 0 0 0 0 0 0 0 0 0 0 0 0 0 0 0 0 0 0 0 0 0 0 0 0 0 0 0 0 0 0 0.284103 4.24669 6.4046 10.2455 23.6192 43.8118 42.6018 15.392 0.74955 0 0 0 0 0 0 0 0.178807 13.1454 52.6622 72.6559 60.1067 30.7968 28.9647 66.4952 63.2152 38.911 10.1741 0.0943444 0 0 0
0 0 0 0 0 0 0 0 0 0 0 0 0 0 0 0 0 0 0 0 0 0 0 0 0 0 0 0 0 0 0 0 0 0 0 0 0 0 0 0 0 0 0 0 0 0 0 0 0 0.284103 4.24669 6.48979 1.8631 1.73694 12.6111 39.9854 56.0558 42.9481 15.392 0.749538 0 0 0 0 0 0.178807 13.1454 57.0303 101.414 95.6694 56.5971 20.29 20.1304 63.2152 104.376 88.8584 48.8728 11.2769 0.0943563 0 0
0 0 0 0 0 0 0 0 0 0 0 0 0 0 0 0 0 0 0 0 0 0 0 0 0 0 0 0 0 0 0 0 0 0 0 0 0 0 0 0 0 0 0 0 0 0 0 0 0.284103 4.24669 6.48979 1.8631 0.00638187 0 0.749522 15.3884 42.9481 56.1345 42.9481 15.392 0.74956 0 0 0 0.178807 13.1451 57.022 106.267 117.529 76.1357 29.5028 4.30461 6.32212 38.911 88.8584 129.096 100.643 51.2031 11.1605 0.0942227 0
0 0 0 0 0 0 0 0 0 0 0 0 0 0 0 0 0 0 0 0 0 0 0 0 0 0 0 0 0 0 0 0 0 0 0 0 0 0 0 0 0 0 0 0 0 0 0 0.284103 4.24669 6.48979 1.8631 0.00638187 0 0 0 0.749538 15.392 42.9481 56.1345 42.9481 15.3921 0.749538 0 0.1787 12.8387 55.2911 105.318 121.342 84.5813 33.8143 3.46999 0 0.0849327 10.1741 48.8728 100.643 136.005 99.0528 47.2611 9.55211 0.0877568
0 0 0 0 0 0 0 0 0 0 0 0 0 0 0 0 0 0 0 0 0 0 0 0 0 0 0 0 0 0 0 0 0 0 0 0 0 0 0 0 0 0 0 0 0 0 0.284103 4.24669 6.48979 1.8631 0.00638187 0 0 0 0 0 0.749538 15.392 42.9481 56.1346 42.9384 15.2857 2.8421 9.96025 46.783 93.7655 119.106 85.3535 34.3155 3.48243 0 0 0 0.0943444 11.2769 51.2031 99.0528 124.675 83.858 35.0895 4.61302
0 0 0 0 0 0 0 0 0 0 0 0 0 0 0 0 0 0 0 0 0 0 0 0 0 0 0 0 0 0 0 0 0 0 0 0 0 0 0 0 0 0 0 0 0 0.284103 4.24669 6.48979 1.8631 0.00638187 0 0 0 0 0 0 0 0.749538 15.392 42.9481 55.3835 37.0782 19.5097 29.1574 68.9135 97.9372 83.0404 34.3155 3.48243 0 0 0 0 0 0.0943563 11.1605 47.2611 83.858 96.0732 55.5312 11.7414
0 0 0 0 0 0 0 0 0 0 0 0 0 0 0 0 0 0 0 0 0 0 0 0 0 0 0 0 0 0 0 0 0 0 0 0 0 0 0 0 0 0 0 0 0.0589254 3.33935 6.42144 1.8631 0.00638187 0 0 0 0 0 0 0 0 0 0.749548 15.392 40.9521 37.7281 27.6728 36.8232 58.7455 60.3627 32.6604 3.48243 0 0 0 0 0 0 0 0.0942227 9.55211 35.0895 55.5312 56.7138 14.7096
0 0 0 0 0 0 0 0 0 0 0 0 0 0 0 0 0 0 0 0 0 0 0 0 0 0 0 0 0 0 0 0 0 0 0 0 0 0 0 0 0 0 0 0 0.0142125 0.576649 0.496909 0.00242422 0 0 0 0 0 0 0 0 0 0 0 0.515004 8.26397 10.4483 9.63595 12.5099 13.9823 12.5921 2.85577 0 0 0 0 0 0 0 0 0 0.0877568 4.61302 11.7414 14.7096 7.40084
